U292 1 0.162602 0.273338
U334 1 0.153710 0.248750
U244 1 0.144235 0.240121
U291 0 0.139406 0.231711
U309 1 0.116657 0.181601
U312 1 0.116657 0.181601
U332 1 0.116657 0.181601
U297 1 0.116198 0.180752
U318 1 0.116048 0.180475
U276 1 0.105028 0.196094
U202 1 0.100388 0.193210
U214 1 0.100388 0.193210
U230 1 0.100388 0.193210
U242 1 0.100388 0.193210
U300 1 0.099011 0.155072
U328 1 0.099011 0.155072
U219 1 0.098567 0.192078
U227 1 0.098567 0.192078
U264 1 0.098567 0.192078
U268 1 0.098567 0.192078
U306 1 0.098205 0.180779
U331 1 0.097155 0.165370
U308 1 0.096981 0.165224
U296 1 0.096748 0.164801
U311 1 0.096446 0.164776
U210 1 0.095811 0.175404
U237 1 0.095811 0.175404
U298 1 0.093537 0.178009
U301 1 0.093537 0.178009
U310 1 0.093537 0.178009
U313 1 0.093537 0.178009
U319 1 0.093537 0.178009
U329 1 0.093537 0.178009
U333 1 0.093537 0.178009
U250 1 0.092549 0.180537
U254 1 0.092549 0.180537
U259 1 0.092549 0.180537
U286 1 0.092549 0.180537
U290 1 0.092549 0.180537
U238 1 0.092143 0.180370
U280 1 0.092143 0.180370
U218 1 0.091133 0.172674
U226 1 0.091133 0.172674
U203 1 0.089297 0.171603
U215 1 0.089297 0.171603
U231 1 0.089297 0.171603
U243 1 0.089297 0.171603
U299 1 0.089190 0.151534
U322 1 0.085556 0.140059
U224 1 0.084367 0.141872
U212 1 0.083530 0.140836
U228 1 0.083530 0.140836
U262 1 0.082915 0.145484
U266 1 0.082915 0.145484
U211 1 0.080032 0.138968
U222 1 0.079387 0.129785
U317 1 0.079178 0.150788
U199 1 0.079141 0.130562
U189 1 0.079044 0.127270
U241 1 0.077948 0.132903
U201 1 0.077802 0.132821
U217 1 0.077621 0.133233
U225 1 0.077621 0.133233
U216 1 0.077363 0.134326
U213 1 0.077355 0.132571
U229 1 0.077355 0.132571
U223 1 0.075563 0.134611
U295 1 0.075151 0.142036
U275 0 0.073339 0.105987
U249 1 0.073295 0.148060
U253 1 0.073295 0.148060
U258 1 0.073295 0.148060
U285 1 0.073295 0.148060
U289 1 0.073295 0.148060
U279 1 0.073249 0.147962
U303 1 0.073228 0.109306
U196 1 0.071630 0.118593
U305 0 0.070880 0.102433
U261 1 0.070028 0.131158
U205 1 0.069653 0.112637
U265 1 0.069537 0.130873
U302 1 0.069274 0.112477
U307 1 0.069113 0.139081
U206 1 0.068529 0.102090
U247 1 0.068108 0.116114
U256 1 0.068108 0.116114
U283 1 0.068108 0.116114
U200 1 0.066770 0.124078
U323 0 0.066696 0.095911
U251 1 0.066557 0.115242
U287 1 0.066557 0.115242
U277 1 0.066534 0.115182
U221 1 0.066155 0.122484
U234 1 0.064902 0.094275
U272 1 0.064089 0.125423
U246 1 0.063946 0.098502
U270 1 0.063713 0.097925
U255 1 0.063567 0.098286
U282 1 0.063567 0.098286
U325 1 0.062704 0.090008
U321 1 0.062242 0.124325
U320 1 0.061002 0.100751
U248 0 0.060190 0.081031
U260 1 0.059811 0.119106
U316 0 0.059591 0.079862
U327 0 0.059003 0.078166
U195 1 0.058454 0.106891
U271 1 0.057611 0.089357
U341 1 0.056994 0.081391
U236 0 0.056844 0.075126
U293 1 0.056683 0.109468
U209 0 0.056478 0.074639
U191 1 0.056245 0.088699
U315 1 0.056147 0.078304
U207 1 0.055240 0.105875
U239 1 0.055038 0.072987
U233 1 0.054886 0.074709
U278 1 0.054490 0.103928
U252 0 0.054431 0.072455
U284 0 0.054431 0.072455
U288 0 0.054431 0.072455
U257 0 0.054305 0.072212
U245 1 0.053661 0.101776
U190 1 0.053607 0.079558
U194 1 0.053517 0.104991
U273 1 0.053340 0.104485
U294 0 0.052687 0.066015
U304 1 0.052643 0.102495
U324 1 0.052642 0.070121
U269 1 0.051830 0.100173
U330 0 0.050553 0.065967
U335 1 0.050051 0.092406
U220 0 0.049743 0.060117
U193 0 0.048504 0.061115
U204 1 0.048230 0.085043
U198 0 0.048071 0.060286
U281 0 0.047895 0.056570
U350 1 0.047748 0.062850
U235 1 0.047288 0.087204
U208 1 0.047193 0.086932
U344 1 0.046956 0.086254
U192 1 0.046611 0.062437
U197 1 0.046401 0.061922
U314 1 0.046307 0.084401
U336 1 0.045720 0.060658
U240 0 0.045384 0.056537
U355 1 0.045172 0.059985
U349 1 0.044881 0.080330
U232 0 0.043764 0.055050
U345 1 0.041512 0.073429
U347 1 0.037116 0.066397
U353 1 0.035879 0.047994
U337 1 0.033279 0.042245
U342 1 0.033279 0.042245
U351 1 0.033279 0.042245
U356 1 0.033279 0.042245
U339 1 0.031636 0.039694
U358 1 0.031636 0.039694
U274 0 0.023275 0.036201
U346 0 0.023275 0.036201
U326 0 0.022611 0.033303
U354 0 0.022538 0.032985
U348 0 0.020216 0.024619
U263 0 0.018686 0.020891
U267 0 0.018686 0.020891
U338 0 0.018686 0.020891
U340 0 0.018686 0.020891
U343 0 0.018686 0.020891
U352 0 0.018686 0.020891
U357 0 0.018686 0.020891
U359 0 0.018686 0.020891
