U189 0 0.064112 0.113580
U190 1 0.046537 0.062256
U191 0 0.044098 0.060824
U192 1 0.047346 0.064236
U193 1 0.030877 0.046445
U194 1 0.041402 0.072400
U195 0 0.040672 0.049478
U196 0 0.056646 0.105518
U197 1 0.043177 0.057683
U198 0 0.042176 0.050019
U199 0 0.061222 0.093693
U200 1 0.054104 0.097154
U201 0 0.034964 0.047764
U202 1 0.025526 0.027850
U203 1 0.024308 0.025355
U204 1 0.047812 0.084298
U205 0 0.055110 0.081995
U206 1 0.049351 0.073008
U207 0 0.047675 0.059443
U208 0 0.029399 0.031833
U209 0 0.030479 0.036405
U210 1 0.028629 0.034206
U211 1 0.059840 0.102211
U212 0 0.050756 0.071271
U213 1 0.062776 0.096322
U214 1 0.025526 0.027850
U215 0 0.067819 0.112934
U216 0 0.047662 0.064014
U217 1 0.063147 0.097243
U218 0 0.068854 0.114426
U219 1 0.024308 0.025355
U220 0 0.049073 0.058673
U221 1 0.063733 0.117221
U222 0 0.061527 0.120358
U223 1 0.056438 0.098026
U224 0 0.051076 0.072021
U225 1 0.063147 0.097243
U226 0 0.068854 0.114426
U227 1 0.024308 0.025355
U228 0 0.050660 0.071166
U229 1 0.065251 0.102475
U230 0 0.072328 0.122893
U231 0 0.067819 0.112934
U232 1 0.036227 0.061695
U233 0 0.050945 0.072397
U234 1 0.055919 0.078378
U235 0 0.050472 0.065239
U236 1 0.041052 0.065573
U237 0 0.071492 0.118228
U238 1 0.083018 0.160135
U239 1 0.058980 0.080779
U240 0 0.039235 0.046281
U241 1 0.063274 0.096605
U242 1 0.025526 0.027850
U243 0 0.067819 0.112934
U244 1 0.114437 0.172608
U245 0 0.036937 0.042566
U246 0 0.040553 0.054883
U247 1 0.033498 0.042652
U248 0 0.056031 0.072918
U249 0 0.020398 0.021483
U250 1 0.054677 0.098352
U251 1 0.031844 0.040100
U252 0 0.037049 0.043162
U253 0 0.020398 0.021483
U254 1 0.083445 0.160309
U255 1 0.052730 0.070350
U256 0 0.047356 0.066380
U257 1 0.032181 0.049122
U258 1 0.044658 0.079692
U259 0 0.049557 0.061711
U260 1 0.041812 0.073288
U261 0 0.041603 0.050953
U262 1 0.037320 0.048520
U263 0 0.018686 0.020891
U264 0 0.071216 0.121553
U265 0 0.038079 0.045927
U266 1 0.037320 0.048520
U267 0 0.018686 0.020891
U268 0 0.071216 0.121553
U269 1 0.043796 0.077593
U270 0 0.043072 0.058104
U271 1 0.037339 0.049784
U272 0 0.047675 0.059443
U273 0 0.029399 0.031833
U274 1 0.021308 0.038755
U275 0 0.035543 0.053792
U276 1 0.028629 0.034206
U277 1 0.032459 0.041303
U278 0 0.020969 0.023236
U279 0 0.029399 0.031833
U280 1 0.083018 0.160135
U281 0 0.035620 0.042872
U282 0 0.040171 0.054269
U283 1 0.033498 0.042652
U284 0 0.037049 0.043162
U285 0 0.020398 0.021483
U286 1 0.083445 0.160309
U287 1 0.031844 0.040100
U288 0 0.037049 0.043162
U289 0 0.020398 0.021483
U290 1 0.083445 0.160309
U291 0 0.115117 0.197627
U292 1 0.123955 0.188138
U293 0 0.033329 0.037673
U294 1 0.031732 0.052046
U295 0 0.049721 0.061952
U296 1 0.068024 0.114093
U297 0 0.041200 0.082514
U298 1 0.025526 0.027850
U299 0 0.063366 0.084830
U300 1 0.083125 0.125323
U301 0 0.071888 0.121820
U302 0 0.051352 0.073574
U303 1 0.033812 0.054006
U304 0 0.020398 0.021483
U305 1 0.053966 0.096340
U306 0 0.074699 0.125283
U307 1 0.046532 0.085045
U308 0 0.050756 0.071271
U309 1 0.042392 0.075899
U310 1 0.025526 0.027850
U311 0 0.050515 0.070705
U312 1 0.042392 0.075899
U313 0 0.071888 0.121820
U314 1 0.042778 0.075385
U315 0 0.042409 0.057256
U316 1 0.027213 0.047907
U317 0 0.022423 0.027703
U318 1 0.042093 0.075551
U319 1 0.025526 0.027850
U320 1 0.024308 0.025355
U321 0 0.045736 0.056901
U322 1 0.078712 0.130693
U323 0 0.058185 0.078066
U324 0 0.040300 0.054436
U325 1 0.047944 0.068087
U326 0 0.022611 0.033303
U327 0 0.040803 0.053871
U328 1 0.035189 0.060438
U329 0 0.071888 0.121820
U330 1 0.029779 0.043022
U331 0 0.050835 0.071455
U332 1 0.042392 0.075899
U333 0 0.071888 0.121820
U334 1 0.123065 0.186170
U335 0 0.034730 0.039283
U336 0 0.034964 0.047764
U337 1 0.025526 0.027850
U338 0 0.018686 0.020891
U339 1 0.024308 0.025355
U340 1 0.015422 0.025009
U341 1 0.043912 0.058596
U342 1 0.033279 0.042245
U343 0 0.018686 0.020891
U344 0 0.034794 0.038629
U345 0 0.022372 0.027549
U346 1 0.021308 0.038755
U347 1 0.037116 0.066397
U348 0 0.020216 0.024619
U349 1 0.040927 0.071368
U350 0 0.034964 0.047764
U351 1 0.025526 0.027850
U352 0 0.018686 0.020891
U353 1 0.024308 0.025355
U354 0 0.022538 0.032985
U355 0 0.034650 0.047157
U356 1 0.025526 0.027850
U357 0 0.018686 0.020891
U358 1 0.024308 0.025355
U359 1 0.015422 0.025009

U189 1 0.072950 0.120137
U190 1 0.046537 0.062256
U191 0 0.044098 0.060824
U192 1 0.047346 0.064236
U193 1 0.030877 0.046445
U194 1 0.041402 0.072400
U195 0 0.040672 0.049478
U196 1 0.068443 0.112045
U197 1 0.043177 0.057683
U198 0 0.042176 0.050019
U199 1 0.064455 0.103847
U200 0 0.056395 0.071150
U201 0 0.034964 0.047764
U202 1 0.025526 0.027850
U203 1 0.024308 0.025355
U204 0 0.036063 0.043635
U205 0 0.055110 0.081995
U206 1 0.049351 0.073008
U207 1 0.043784 0.077125
U208 0 0.029399 0.031833
U209 0 0.030479 0.036405
U210 1 0.028629 0.034206
U211 1 0.059840 0.102211
U212 0 0.050756 0.071271
U213 0 0.065117 0.104296
U214 1 0.025526 0.027850
U215 1 0.078740 0.147023
U216 0 0.047662 0.064014
U217 0 0.065350 0.104815
U218 1 0.080526 0.148015
U219 1 0.024308 0.025355
U220 1 0.032071 0.052005
U221 0 0.052257 0.065430
U222 1 0.079024 0.128636
U223 1 0.056438 0.098026
U224 0 0.051076 0.072021
U225 0 0.065350 0.104815
U226 1 0.080526 0.148015
U227 1 0.024308 0.025355
U228 0 0.050660 0.071166
U229 1 0.065227 0.102416
U230 0 0.072289 0.122797
U231 1 0.078740 0.147023
U232 0 0.042724 0.054045
U233 1 0.053237 0.070390
U234 1 0.055919 0.078378
U235 0 0.050464 0.065225
U236 0 0.053747 0.068337
U237 1 0.085079 0.150542
U238 1 0.082995 0.160085
U239 0 0.046422 0.065062
U240 1 0.033333 0.051702
U241 0 0.065441 0.104919
U242 1 0.025526 0.027850
U243 1 0.078740 0.147023
U244 0 0.087513 0.200115
U245 1 0.046417 0.082975
U246 0 0.040553 0.054883
U247 1 0.033498 0.042652
U248 1 0.037659 0.064693
U249 0 0.020398 0.021483
U250 0 0.047801 0.059325
U251 1 0.031844 0.040100
U252 0 0.037049 0.043162
U253 0 0.020398 0.021483
U254 1 0.083423 0.160259
U255 0 0.047140 0.064168
U256 1 0.047445 0.064477
U257 0 0.050222 0.064403
U258 0 0.041036 0.048824
U259 1 0.056529 0.102220
U260 1 0.041812 0.073288
U261 0 0.041603 0.050953
U262 1 0.037320 0.048520
U263 0 0.018686 0.020891
U264 0 0.071177 0.121456
U265 0 0.038079 0.045927
U266 1 0.037320 0.048520
U267 0 0.018686 0.020891
U268 0 0.071177 0.121456
U269 1 0.043796 0.077593
U270 0 0.043072 0.058104
U271 1 0.037339 0.049784
U272 1 0.048193 0.087584
U273 0 0.029399 0.031833
U274 1 0.021308 0.038755
U275 0 0.035543 0.053792
U276 1 0.028629 0.034206
U277 1 0.032459 0.041303
U278 0 0.020969 0.023236
U279 0 0.029399 0.031833
U280 1 0.082995 0.160085
U281 0 0.035620 0.042872
U282 0 0.040171 0.054269
U283 1 0.033498 0.042652
U284 0 0.037049 0.043162
U285 0 0.020398 0.021483
U286 1 0.083423 0.160259
U287 1 0.031844 0.040100
U288 0 0.037049 0.043162
U289 0 0.020398 0.021483
U290 1 0.083423 0.160259
U291 0 0.115058 0.197539
U292 1 0.123811 0.187963
U293 0 0.033198 0.037522
U294 1 0.031302 0.051432
U295 0 0.047960 0.059570
U296 0 0.069948 0.092309
U297 1 0.098105 0.153391
U298 0 0.071942 0.121951
U299 1 0.062619 0.105210
U300 0 0.038485 0.067547
U301 1 0.025526 0.027850
U302 0 0.051352 0.073574
U303 1 0.033812 0.054006
U304 0 0.040017 0.047160
U305 1 0.053991 0.096370
U306 0 0.074756 0.125409
U307 1 0.046532 0.085045
U308 0 0.050756 0.071271
U309 1 0.042392 0.075899
U310 1 0.025526 0.027850
U311 0 0.050515 0.070705
U312 1 0.042392 0.075899
U313 0 0.071942 0.121951
U314 1 0.042778 0.075385
U315 0 0.042409 0.057256
U316 1 0.027213 0.047907
U317 0 0.022423 0.027703
U318 1 0.042093 0.075551
U319 1 0.025526 0.027850
U320 1 0.024308 0.025355
U321 1 0.046790 0.085781
U322 0 0.042626 0.072585
U323 0 0.058215 0.078132
U324 0 0.040300 0.054436
U325 1 0.047944 0.068087
U326 0 0.022611 0.033303
U327 0 0.040803 0.053871
U328 1 0.035189 0.060438
U329 1 0.025526 0.027850
U330 1 0.029779 0.043022
U331 0 0.050835 0.071455
U332 1 0.042392 0.075899
U333 1 0.025526 0.027850
U334 1 0.123253 0.186411
U335 0 0.034909 0.039488
U336 0 0.034964 0.047764
U337 1 0.025526 0.027850
U338 1 0.015422 0.025009
U339 1 0.024308 0.025355
U340 1 0.015422 0.025009
U341 1 0.044671 0.059433
U342 0 0.031054 0.040808
U343 1 0.015422 0.025009
U344 1 0.035070 0.058941
U345 0 0.022372 0.027549
U346 1 0.021308 0.038755
U347 0 0.022219 0.027076
U348 0 0.020216 0.024619
U349 1 0.040927 0.071368
U350 0 0.034964 0.047764
U351 1 0.025526 0.027850
U352 0 0.018686 0.020891
U353 1 0.024308 0.025355
U354 1 0.019716 0.036815
U355 0 0.034650 0.047157
U356 1 0.025526 0.027850
U357 1 0.015422 0.025009
U358 1 0.024308 0.025355
U359 1 0.015422 0.025009

U189 0 0.059416 0.108509
U190 1 0.046537 0.062256
U191 0 0.044098 0.060824
U192 1 0.047346 0.064236
U193 1 0.030877 0.046445
U194 1 0.041402 0.072400
U195 0 0.040672 0.049478
U196 0 0.056089 0.104916
U197 1 0.043177 0.057683
U198 0 0.042176 0.050019
U199 0 0.061222 0.093693
U200 1 0.054104 0.097154
U201 0 0.034964 0.047764
U202 1 0.025526 0.027850
U203 1 0.024308 0.025355
U204 1 0.047773 0.084230
U205 0 0.055110 0.081995
U206 1 0.049351 0.073008
U207 0 0.047681 0.059453
U208 0 0.029399 0.031833
U209 0 0.030479 0.036405
U210 1 0.028629 0.034206
U211 1 0.059840 0.102211
U212 0 0.050756 0.071271
U213 1 0.062776 0.096322
U214 1 0.025526 0.027850
U215 0 0.067819 0.112934
U216 0 0.047662 0.064014
U217 1 0.063147 0.097243
U218 0 0.068854 0.114426
U219 1 0.024308 0.025355
U220 0 0.049012 0.058541
U221 1 0.063511 0.116739
U222 0 0.060913 0.119496
U223 1 0.056438 0.098026
U224 0 0.051076 0.072021
U225 1 0.063147 0.097243
U226 0 0.068854 0.114426
U227 1 0.024308 0.025355
U228 0 0.050660 0.071166
U229 1 0.065227 0.102416
U230 0 0.072289 0.122797
U231 1 0.024308 0.025355
U232 1 0.035170 0.060271
U233 0 0.048567 0.066917
U234 1 0.055919 0.078378
U235 0 0.050464 0.065225
U236 1 0.041052 0.065573
U237 0 0.071492 0.118228
U238 1 0.082995 0.160085
U239 1 0.051154 0.068775
U240 0 0.039235 0.046281
U241 1 0.063274 0.096605
U242 1 0.025526 0.027850
U243 0 0.067819 0.112934
U244 1 0.114437 0.172608
U245 0 0.036937 0.042566
U246 0 0.040553 0.054883
U247 1 0.033498 0.042652
U248 1 0.037659 0.064693
U249 0 0.020398 0.021483
U250 0 0.047801 0.059325
U251 1 0.031844 0.040100
U252 0 0.037049 0.043162
U253 0 0.020398 0.021483
U254 1 0.083423 0.160259
U255 1 0.052730 0.070350
U256 0 0.047356 0.066380
U257 1 0.032181 0.049122
U258 1 0.044658 0.079692
U259 0 0.049557 0.061711
U260 1 0.041812 0.073288
U261 0 0.041603 0.050953
U262 1 0.065280 0.101806
U263 1 0.015422 0.025009
U264 0 0.071177 0.121456
U265 0 0.038079 0.045927
U266 1 0.037320 0.048520
U267 0 0.018686 0.020891
U268 0 0.071177 0.121456
U269 1 0.043796 0.077593
U270 0 0.043072 0.058104
U271 1 0.037339 0.049784
U272 0 0.047681 0.059453
U273 0 0.029399 0.031833
U274 1 0.021308 0.038755
U275 0 0.035543 0.053792
U276 1 0.028629 0.034206
U277 1 0.032459 0.041303
U278 0 0.020969 0.023236
U279 0 0.029399 0.031833
U280 1 0.082995 0.160085
U281 0 0.035620 0.042872
U282 0 0.040171 0.054269
U283 1 0.033498 0.042652
U284 0 0.037049 0.043162
U285 0 0.020398 0.021483
U286 1 0.083423 0.160259
U287 1 0.031844 0.040100
U288 0 0.037049 0.043162
U289 0 0.020398 0.021483
U290 1 0.083423 0.160259
U291 0 0.115058 0.197539
U292 1 0.123811 0.187963
U293 0 0.033198 0.037522
U294 1 0.031302 0.051432
U295 0 0.047960 0.059570
U296 1 0.068024 0.114093
U297 0 0.041200 0.082514
U298 1 0.025526 0.027850
U299 1 0.062619 0.105210
U300 0 0.038485 0.067547
U301 1 0.025526 0.027850
U302 0 0.051352 0.073574
U303 1 0.033812 0.054006
U304 0 0.020398 0.021483
U305 1 0.053991 0.096370
U306 0 0.074756 0.125409
U307 1 0.046532 0.085045
U308 0 0.050756 0.071271
U309 1 0.042392 0.075899
U310 1 0.025526 0.027850
U311 0 0.050515 0.070705
U312 1 0.042392 0.075899
U313 0 0.071942 0.121951
U314 1 0.042778 0.075385
U315 0 0.042409 0.057256
U316 1 0.027213 0.047907
U317 0 0.022423 0.027703
U318 1 0.042093 0.075551
U319 1 0.025526 0.027850
U320 1 0.024308 0.025355
U321 0 0.045742 0.056911
U322 1 0.078738 0.130728
U323 0 0.058215 0.078132
U324 0 0.040300 0.054436
U325 1 0.047944 0.068087
U326 0 0.022611 0.033303
U327 0 0.040803 0.053871
U328 1 0.035189 0.060438
U329 0 0.071942 0.121951
U330 1 0.029779 0.043022
U331 0 0.050835 0.071455
U332 1 0.042392 0.075899
U333 0 0.071942 0.121951
U334 1 0.123253 0.186411
U335 0 0.034909 0.039488
U336 0 0.034964 0.047764
U337 1 0.025526 0.027850
U338 0 0.018686 0.020891
U339 1 0.024308 0.025355
U340 1 0.015422 0.025009
U341 1 0.044671 0.059433
U342 0 0.031054 0.040808
U343 1 0.015422 0.025009
U344 0 0.034794 0.038629
U345 0 0.022372 0.027549
U346 1 0.021308 0.038755
U347 1 0.037116 0.066397
U348 0 0.020216 0.024619
U349 1 0.040927 0.071368
U350 0 0.034964 0.047764
U351 1 0.025526 0.027850
U352 0 0.018686 0.020891
U353 1 0.024308 0.025355
U354 0 0.022538 0.032985
U355 0 0.034650 0.047157
U356 1 0.025526 0.027850
U357 0 0.018686 0.020891
U358 1 0.024308 0.025355
U359 1 0.015422 0.025009

